p min 80 108
n 58 1
n 51 1
n 79 -1
n 80 -1
a 49 52 0 1 1
a 49 59 0 1 3
a 49 66 0 1 5
a 50 53 0 1 1
a 50 60 0 1 3
a 51 54 0 1 1
a 51 79 0 1 11
a 51 80 0 1 11
a 52 55 0 1 1
a 52 62 0 1 3
a 52 69 0 1 5
a 53 56 0 1 1
a 53 63 0 1 3
a 54 57 0 1 1
a 54 79 0 1 12
a 54 80 0 1 12
a 55 58 0 1 1
a 55 65 0 1 3
a 55 72 0 1 5
a 56 59 0 1 1
a 56 66 0 1 3
a 57 60 0 1 1
a 57 79 0 1 13
a 57 80 0 1 13
a 58 61 0 1 1
a 58 68 0 1 3
a 58 75 0 1 5
a 59 62 0 1 1
a 59 69 0 1 3
a 60 63 0 1 1
a 60 79 0 1 14
a 60 79 0 1 400
a 60 80 0 1 400
a 60 80 0 1 14
a 61 71 0 1 3
a 61 78 0 1 5
a 61 80 0 1 400
a 61 79 0 1 400
a 62 72 0 1 3
a 62 80 0 1 400
a 62 79 0 1 400
a 63 80 0 1 400
a 63 79 0 1 400
a 65 80 0 1 400
a 65 79 0 1 400
a 66 79 0 1 400
a 66 80 0 1 400
a 68 79 0 1 400
a 68 80 0 1 400
a 69 80 0 1 400
a 69 79 0 1 400
a 71 79 0 1 400
a 71 80 0 1 400
a 72 79 0 1 400
a 72 80 0 1 400
a 75 80 0 1 400
a 75 79 0 1 400
a 78 79 0 1 400
a 78 80 0 1 400
a 81 83 0 1 0
a 81 85 0 1 0
a 81 87 0 1 0
a 81 82 0 1 200
a 82 80 0 1 400
a 82 79 0 1 400
a 83 84 0 1 0
a 83 79 0 1 400
a 83 80 0 1 400
a 84 14 0 1 0
a 84 82 0 1 0
a 84 79 0 1 400
a 84 80 0 1 400
a 85 86 0 1 0
a 85 79 0 1 400
a 85 80 0 1 400
a 86 17 0 1 0
a 86 82 0 1 0
a 86 79 0 1 400
a 86 80 0 1 400
a 87 88 0 1 0
a 87 80 0 1 400
a 87 79 0 1 400
a 88 20 0 1 0
a 88 82 0 1 0
a 88 80 0 1 400
a 88 79 0 1 400
a 66 79 0 1 400
a 66 80 0 1 400
a 62 79 0 1 400
a 62 80 0 1 400
a 69 79 0 1 400
a 69 80 0 1 400
a 63 79 0 1 400
a 63 80 0 1 400
a 65 79 0 1 400
a 65 80 0 1 400
a 72 79 0 1 400
a 72 80 0 1 400
a 61 79 0 1 400
a 61 80 0 1 400
a 68 79 0 1 400
a 68 80 0 1 400
a 75 79 0 1 400
a 75 80 0 1 400
a 71 79 0 1 400
a 71 80 0 1 400
a 78 79 0 1 400
a 78 80 0 1 400
